NODE	NODE_CATEGORY	LEAF_CNT	CATEGORY_CNT	LEAF_PCT	MDE_AMB	MDE_ELE	NCD_AMB	NCD_ELE	NTS_CREO_AMB	NTS_CREO_ELE	NTS_CRUST_AMB	NTS_CRUST_ELE	ORNL_AMB	ORNL_ELE	CRUST_AMB_064	CRUST_ELE_004
000	Root	403	21	NA	64911	54482	36228	41571	43526	79360	49429	88597	51676	43815	20532	26242
001	Multi-Phyla (8)	149	8	NA	4294	3627	1846	2133	2644	4905	3522	6726	3127	2529	1781	1950
002	Cyanobacteria+Firmicutes	68	2	NA	632	468	221	251	186	366	265	545	312	289	138	138
003	Cyanobacteria+Firmicutes	38	2	NA	88	72	38	48	64	74	255	546	46	38	78	24
004	Cyanobacteria	16	1	100	375	311	168	179	168	257	566	1246	249	200	249	113
005	Cyanobacteria	15	1	93.8	134	123	76	88	82	110	387	913	125	80	150	50
006	Cyanobacteria	14	1	87.5	287	260	110	122	189	188	648	1720	184	172	346	81
007	Cyanobacteria	2	1	12.5	12	13	6	12	5	8	26	94	6	7	15	5
008	Cyanobacteria	12	1	75	108	94	56	68	70	115	251	689	108	70	121	46
009	Cyanobacteria	11	1	68.8	280	260	172	193	348	278	1672	4087	226	199	831	121
010	Cyanobacteria	8	1	50	160	165	105	90	197	179	1180	2876	133	111	525	78
011	Cyanobacteria	3	1	18.8	188	248	131	142	413	274	1870	5223	210	168	738	110
012	Cyanobacteria	2	1	12.5	70	83	26	29	94	39	488	1701	53	33	223	21
013	Cyanobacteria	5	1	31.3	32	34	14	8	36	29	181	475	21	20	102	20
014	Cyanobacteria	2	1	12.5	20	26	10	16	27	25	159	431	23	14	66	9
015	Cyanobacteria	3	1	18.8	11	6	8	9	8	4	38	82	5	8	19	2
016	Cyanobacteria	2	1	12.5	1	0	1	0	0	0	2	3	0	1	2	0
017	Cyanobacteria	3	1	18.8	45	42	28	33	76	43	329	789	29	23	183	16
018	Cyanobacteria	2	1	12.5	51	49	32	35	86	61	438	865	38	35	207	27
019	Firmicutes	22	1	35.5	94	63	21	26	10	37	24	34	43	36	19	13
020	Firmicutes	4	1	6.5	4	1	1	1	0	0	0	0	0	0	0	1
021	Firmicutes	3	1	4.8	0	0	0	0	0	0	0	0	0	1	0	0
022	Firmicutes	2	1	3.2	0	0	0	0	0	1	0	1	0	0	0	0
023	Firmicutes	18	1	29	60	50	5	18	16	25	14	28	16	12	5	8
024	Firmicutes	3	1	4.8	3	4	2	1	0	3	1	2	3	1	1	0
025	Firmicutes	2	1	3.2	210	162	40	50	34	68	41	95	75	60	22	34
026	Firmicutes	15	1	24.2	105	92	20	37	19	36	33	88	38	32	22	12
027	Firmicutes	9	1	14.5	53	61	18	26	13	29	9	20	21	16	8	10
028	Firmicutes	7	1	11.3	22	7	3	2	1	5	3	8	4	5	2	1
029	Firmicutes	6	1	9.7	70	73	29	28	11	29	15	29	31	21	7	10
030	Firmicutes	5	1	8.1	64	51	22	23	41	45	33	71	29	23	13	22
031	Firmicutes	2	1	3.2	17	22	6	14	1	9	3	13	14	11	2	3
032	Firmicutes	3	1	4.8	13	7	2	3	1	3	3	4	4	5	4	1
033	Firmicutes	2	1	3.2	8	14	2	1	3	4	2	3	3	1	1	2
034	Firmicutes	2	1	3.2	9	9	1	5	2	6	4	8	5	1	2	3
035	Firmicutes	6	1	9.7	14	10	6	8	2	4	2	8	4	7	2	1
036	Firmicutes	2	1	3.2	10	5	1	4	0	5	1	4	4	3	3	0
037	Firmicutes	4	1	6.5	3	5	4	0	0	0	0	3	1	0	0	0
038	Firmicutes	3	1	4.8	10	4	4	4	1	3	4	6	4	5	2	1
039	Firmicutes	2	1	3.2	4	3	1	3	2	2	2	5	3	3	2	2
040	Firmicutes	30	1	48.4	70	38	18	24	24	51	21	44	28	24	16	18
041	Firmicutes	3	1	4.8	5	3	0	2	2	3	3	6	0	2	1	2
042	Firmicutes	2	1	3.2	1	0	0	0	0	0	1	0	0	0	0	0
043	Firmicutes	27	1	43.5	134	106	62	70	65	114	66	136	102	72	36	39
044	Firmicutes	2	1	3.2	2	0	0	1	1	1	0	0	3	2	0	0
045	Firmicutes	25	1	40.3	130	129	64	70	63	117	71	152	115	78	25	58
046	Firmicutes	2	1	3.2	4	5	2	3	3	5	7	8	8	5	1	1
047	Firmicutes	23	1	37.1	118	103	42	60	54	103	59	104	88	63	26	38
048	Firmicutes	6	1	9.7	59	67	33	27	25	58	25	49	57	27	13	17
049	Firmicutes	4	1	6.5	9	9	10	7	8	17	5	15	12	3	4	5
050	Firmicutes	2	1	3.2	3	1	1	0	0	1	0	2	0	0	0	0
051	Firmicutes	2	1	3.2	7	5	1	5	3	9	3	4	2	7	0	3
052	Firmicutes	2	1	3.2	56	63	21	20	16	42	18	40	30	26	10	13
053	Firmicutes	17	1	27.4	76	63	36	32	20	46	37	72	51	44	17	15
054	Firmicutes	6	1	9.7	18	10	7	9	4	10	9	16	10	12	6	6
055	Firmicutes	5	1	8.1	3	2	2	0	1	1	2	1	4	1	0	1
056	Firmicutes	4	1	6.5	1	2	0	0	1	0	0	0	0	0	0	0
057	Firmicutes	3	1	4.8	2	0	0	1	0	1	0	0	0	0	0	1
058	Firmicutes	2	1	3.2	1	0	1	0	0	0	0	0	0	0	0	0
059	Firmicutes	11	1	17.7	17	9	6	6	4	11	4	8	10	8	2	2
060	Firmicutes	7	1	11.3	1	2	0	5	2	2	0	5	2	0	0	1
061	Firmicutes	5	1	8.1	9	10	5	2	0	4	4	10	4	3	1	1
062	Firmicutes	4	1	6.5	4	1	0	2	4	3	1	4	4	3	0	1
063	Firmicutes	3	1	4.8	8	6	1	4	1	2	1	3	3	1	0	1
064	Firmicutes	2	1	3.2	6	2	3	2	3	4	2	6	1	1	0	1
065	Firmicutes	2	1	3.2	3	2	2	0	0	2	2	3	1	2	1	1
066	Firmicutes	4	1	6.5	1	1	0	0	0	0	0	1	0	0	0	0
067	Firmicutes	3	1	4.8	2	1	1	1	1	1	0	4	2	1	0	0
068	Firmicutes	2	1	3.2	17	20	9	11	10	7	6	18	12	9	4	8
069	Multi-Phyla (7)	81	7	NA	145	119	54	77	90	149	94	185	80	69	45	67
070	Multi-Phyla (7)	80	7	NA	693	551	248	302	547	949	599	1165	458	420	308	369
071	Firmicutes	9	1	14.5	123	87	27	30	17	43	28	57	60	43	12	25
072	Firmicutes	4	1	6.5	27	23	7	7	5	5	5	15	8	7	5	7
073	Firmicutes	2	1	3.2	10	1	1	1	1	2	1	1	3	2	0	2
074	Firmicutes	2	1	3.2	5	8	1	0	3	4	3	4	4	5	1	2
075	Firmicutes	5	1	8.1	21	16	2	5	2	5	4	9	10	4	3	4
076	Firmicutes	4	1	6.5	9	7	2	4	1	2	3	7	10	1	5	4
077	Firmicutes	3	1	4.8	20	28	10	14	1	8	10	20	16	6	8	5
078	Firmicutes	2	1	3.2	25	22	1	7	2	3	4	9	5	2	2	4
079	Multi-Phyla (6)	71	6	NA	1730	1385	1056	1264	2231	3965	2631	5195	1948	1559	1349	1712
080	Multi-Phyla (5)	20	5	NA	242	195	82	89	98	164	164	321	200	132	93	86
081	Chloroflexi	8	1	100	406	288	137	162	200	440	407	918	374	262	203	227
082	Chloroflexi	4	1	50	70	55	32	34	45	64	85	178	66	42	47	51
083	Chloroflexi	3	1	37.5	220	181	65	63	97	132	263	514	92	73	136	111
084	Chloroflexi	2	1	25	235	197	75	99	91	190	269	573	193	138	142	122
085	Chloroflexi	4	1	50	68	51	34	38	38	77	67	125	84	78	28	45
086	Chloroflexi	3	1	37.5	18	21	3	2	7	9	2	11	2	5	0	2
087	Chloroflexi	2	1	25	164	123	77	101	122	271	195	373	110	96	105	108
088	Multi-Phyla (4)	12	4	NA	51	49	10	15	7	20	12	30	19	16	10	5
089	Synergistetes	4	1	100	71	57	27	24	14	33	20	37	26	22	5	7
090	Synergistetes	2	1	50	24	20	4	6	2	7	3	5	9	7	0	3
091	Synergistetes	2	1	50	59	45	12	13	14	29	12	37	36	17	7	12
092	Multi-Phyla (3)	8	3	NA	12	5	4	4	3	6	3	9	8	2	1	5
093	Deinococcus	3	1	100	47	25	9	8	14	28	30	48	24	15	14	21
094	Deinococcus	2	1	66.7	89	70	34	34	29	70	36	89	52	41	18	23
095	Thermatogae+Other	5	2	NA	15	16	4	2	1	3	1	2	6	3	1	0
096	Thermotogae	4	1	100	337	278	100	138	88	174	94	211	200	134	57	72
097	Thermotogae	3	1	75	21	11	1	2	0	3	3	7	5	3	2	2
098	Thermotogae	2	1	50	27	29	12	11	3	6	7	14	14	16	2	6
099	Actinobacteria	51	1	100	1002	865	819	973	3259	5540	3272	5835	1576	1313	1570	1999
100	Actinobacteria	6	1	11.8	24	16	12	14	51	98	89	156	16	20	40	42
101	Actinobacteria	4	1	7.8	24	13	7	10	14	14	10	22	9	13	4	9
102	Actinobacteria	3	1	5.9	69	36	12	23	25	23	17	63	23	32	16	20
103	Actinobacteria	2	1	3.9	16	6	3	3	1	6	1	12	5	5	2	3
104	Actinobacteria	2	1	3.9	40	26	37	43	142	254	208	407	64	43	102	130
105	Actinobacteria	45	1	88.2	2868	2575	1989	2395	9960	16488	8591	15764	3818	3060	4086	5693
106	Actinobacteria	25	1	49	98	102	98	89	272	425	232	394	162	121	78	130
107	Actinobacteria	24	1	47.1	1876	1609	1596	1936	8007	12744	6663	11913	3409	2462	3012	4260
108	Actinobacteria	5	1	9.8	127	111	135	170	581	887	455	751	301	210	214	271
109	Actinobacteria	2	1	3.9	59	63	68	102	233	335	154	261	150	123	83	96
110	Actinobacteria	3	1	5.9	13	19	7	5	96	173	66	148	26	20	51	63
111	Actinobacteria	2	1	3.9	76	72	45	53	511	694	356	584	163	87	160	238
112	Actinobacteria	19	1	37.3	1078	897	1063	1359	6253	10095	5630	10466	1921	1541	2510	3747
113	Actinobacteria	6	1	11.8	58	55	70	104	203	266	211	298	185	106	92	113
114	Actinobacteria	5	1	9.8	161	112	198	259	481	767	461	759	414	278	209	288
115	Actinobacteria	2	1	3.9	71	50	72	89	223	355	199	331	167	125	75	128
116	Actinobacteria	3	1	5.9	127	101	198	230	385	603	332	573	414	262	185	195
117	Actinobacteria	2	1	3.9	131	112	173	239	431	582	370	602	401	250	174	195
118	Actinobacteria	13	1	25.5	277	223	274	345	1714	2736	1523	2836	425	359	661	981
119	Actinobacteria	12	1	23.5	334	296	292	361	2986	4823	2570	4998	529	428	1064	1750
120	Actinobacteria	2	1	3.9	95	85	69	105	467	880	471	764	172	137	128	184
121	Actinobacteria	10	1	19.6	177	136	181	217	8488	14225	8393	16914	335	257	3440	6129
122	Actinobacteria	9	1	17.6	327	283	330	375	1575	2514	1228	2107	506	402	459	640
123	Actinobacteria	3	1	5.9	149	116	105	131	811	1411	663	1009	202	167	200	375
124	Actinobacteria	2	1	3.9	94	67	62	73	670	1156	566	720	141	98	155	276
125	Actinobacteria	6	1	11.8	29	38	28	39	133	222	93	147	33	21	37	56
126	Actinobacteria	5	1	9.8	400	344	502	520	693	1125	403	657	362	353	137	288
127	Actinobacteria	4	1	7.8	313	270	315	344	946	1572	649	1105	384	313	271	363
128	Actinobacteria	2	1	3.9	202	159	202	234	523	794	385	627	216	189	129	198
129	Actinobacteria	2	1	3.9	53	44	59	65	156	255	95	179	66	57	40	57
130	Actinobacteria	20	1	39.2	350	346	176	223	1092	1787	914	1607	395	285	463	564
131	Actinobacteria	3	1	5.9	37	24	15	15	106	166	88	171	33	20	40	42
132	Actinobacteria	2	1	3.9	15	18	9	10	47	77	56	104	22	11	24	30
133	Actinobacteria	17	1	33.3	65	54	25	42	132	226	105	176	53	58	48	84
134	Actinobacteria	2	1	3.9	2	2	1	0	1	4	0	1	1	2	0	1
135	Actinobacteria	15	1	29.4	251	240	136	151	743	1322	596	965	262	195	274	376
136	Actinobacteria	5	1	9.8	124	118	52	63	356	528	275	450	113	83	114	230
137	Actinobacteria	4	1	7.8	156	134	52	63	456	724	313	519	138	109	146	252
138	Actinobacteria	2	1	3.9	44	44	16	19	164	265	109	140	46	11	53	85
139	Actinobacteria	2	1	3.9	29	24	8	15	103	169	66	102	22	15	39	51
140	Actinobacteria	10	1	19.6	70	63	33	42	289	535	176	328	82	57	108	115
141	Actinobacteria	6	1	11.8	34	26	19	19	95	135	53	101	20	21	27	40
142	Actinobacteria	5	1	9.8	26	18	18	18	90	142	77	126	28	25	37	36
143	Actinobacteria	4	1	7.8	36	49	10	20	125	200	95	150	44	28	60	68
144	Actinobacteria	2	1	3.9	51	27	26	39	169	290	180	223	47	32	69	70
145	Actinobacteria	2	1	3.9	8	2	8	8	44	52	20	35	9	9	6	12
146	Actinobacteria	4	1	7.8	4	4	1	4	8	15	4	11	8	2	0	4
147	Actinobacteria	3	1	5.9	685	632	406	508	1525	2531	995	1764	768	589	424	690
148	Actinobacteria	2	1	3.9	27	31	17	23	257	420	91	137	37	24	26	84
149	Multi-Phyla (14)	254	14	NA	16721	15185	9875	11828	7179	13312	7711	14548	13956	12299	3794	4439
150	Beta+Gammaproteobacteria	99	3	NA	537	500	148	176	76	179	87	129	249	239	31	42
151	Beta+Gammaproteobacteria	98	2	NA	4253	4082	1856	2159	1273	2396	1186	2231	2532	2303	578	697
152	Gammaproteobacteria	40	1	58	233	235	89	94	88	122	58	112	117	106	37	31
153	Gammaproteobacteria	6	1	8.7	20	26	6	14	5	13	9	11	11	15	3	2
154	Gammaproteobacteria	4	1	5.8	6	7	2	5	5	5	5	4	2	3	1	2
155	Gammaproteobacteria	3	1	4.3	9	2	1	1	0	3	1	0	1	2	0	1
156	Gammaproteobacteria	2	1	2.9	5	4	1	3	1	1	0	5	1	3	1	0
157	Gammaproteobacteria	2	1	2.9	2	0	2	0	2	1	0	0	3	0	0	0
158	Gammaproteobacteria	34	1	49.3	524	540	208	263	145	275	151	329	312	272	81	90
159	Gammaproteobacteria	8	1	11.6	18	15	6	8	5	7	4	5	11	5	2	4
160	Gammaproteobacteria	7	1	10.1	31	35	13	14	3	7	4	16	15	13	3	5
161	Gammaproteobacteria	2	1	2.9	0	0	1	0	0	0	0	0	0	0	0	0
162	Gammaproteobacteria	5	1	7.2	8	14	5	6	5	7	4	7	5	9	1	2
163	Gammaproteobacteria	4	1	5.8	29	21	3	8	6	5	3	8	8	10	1	2
164	Gammaproteobacteria	2	1	2.9	5	15	1	6	3	3	1	1	3	6	1	2
165	Gammaproteobacteria	2	1	2.9	41	30	10	2	7	11	5	12	8	8	2	7
166	Gammaproteobacteria	26	1	37.7	686	650	320	447	276	479	271	469	475	428	140	155
167	Gammaproteobacteria	6	1	8.7	9	7	2	1	0	5	0	5	4	3	1	0
168	Gammaproteobacteria	2	1	2.9	18	11	11	7	2	10	1	6	14	14	3	2
169	Gammaproteobacteria	4	1	5.8	1	0	0	0	1	0	1	0	0	0	0	0
170	Gammaproteobacteria	3	1	4.3	0	0	0	1	0	0	0	2	1	0	0	0
171	Gammaproteobacteria	2	1	2.9	3	5	3	5	3	4	3	11	8	4	1	1
172	Gammaproteobacteria	20	1	29	95	82	36	46	26	53	28	53	62	47	11	27
173	Gammaproteobacteria	7	1	10.1	21	29	13	10	7	11	6	17	16	14	2	2
174	Gammaproteobacteria	4	1	5.8	1	3	0	0	0	1	0	1	1	2	0	0
175	Gammaproteobacteria	3	1	4.3	30	30	10	12	5	17	9	9	13	13	6	6
176	Gammaproteobacteria	2	1	2.9	11	8	2	8	3	3	4	1	4	6	2	1
177	Gammaproteobacteria	3	1	4.3	24	26	10	14	5	27	18	24	12	16	1	5
178	Gammaproteobacteria	2	1	2.9	30	46	14	15	13	26	17	27	16	14	5	13
179	Gammaproteobacteria	13	1	18.8	3	1	0	1	0	1	1	2	1	2	1	0
180	Gammaproteobacteria	2	1	2.9	2	1	0	1	0	0	1	0	1	0	0	0
181	Gammaproteobacteria	11	1	15.9	124	125	78	97	64	109	50	98	100	90	24	20
182	Gammaproteobacteria	7	1	10.1	62	61	33	41	23	41	20	43	54	39	10	19
183	Gammaproteobacteria	3	1	4.3	27	34	12	19	11	16	7	17	14	22	4	6
184	Gammaproteobacteria	2	1	2.9	25	17	14	15	8	14	8	15	13	7	1	2
185	Gammaproteobacteria	4	1	5.8	18	12	5	8	6	12	11	16	9	8	4	2
186	Gammaproteobacteria	3	1	4.3	38	31	20	20	24	23	7	28	18	13	8	11
187	Gammaproteobacteria	2	1	2.9	34	31	15	21	13	31	10	22	18	17	12	10
188	Gammaproteobacteria	4	1	5.8	33	31	24	37	26	47	27	42	29	22	13	18
189	Gammaproteobacteria	3	1	4.3	151	117	87	131	73	142	65	169	138	108	36	47
190	Gammaproteobacteria	2	1	2.9	18	14	1	20	11	15	4	20	13	15	1	3
191	Beta+Gammaproteobacteria	58	2	NA	2006	1867	735	866	485	932	482	816	1100	987	214	254
192	Gammaproteobacteria	16	1	23.2	84	72	21	29	13	27	7	21	31	33	6	5
193	Gammaproteobacteria	13	1	18.8	251	259	74	70	49	82	38	65	89	89	15	31
194	Gammaproteobacteria	6	1	8.7	82	91	18	29	21	38	20	34	47	40	5	8
195	Gammaproteobacteria	3	1	4.3	18	16	2	3	3	6	4	3	4	8	1	0
196	Gammaproteobacteria	2	1	2.9	13	12	2	5	3	4	4	5	6	3	2	0
197	Gammaproteobacteria	3	1	4.3	15	25	4	6	1	12	2	3	13	10	0	2
198	Gammaproteobacteria	2	1	2.9	53	59	15	16	5	11	4	13	11	15	4	0
199	Gammaproteobacteria	7	1	10.1	31	34	4	14	10	11	2	4	15	13	3	3
200	Gammaproteobacteria	2	1	2.9	4	5	1	2	0	0	0	2	3	1	0	0
201	Gammaproteobacteria	5	1	7.2	0	1	0	2	0	0	0	0	0	2	0	0
202	Gammaproteobacteria	4	1	5.8	51	63	16	15	10	18	11	22	25	20	6	5
203	Gammaproteobacteria	2	1	2.9	21	35	18	20	6	3	6	8	10	16	4	4
204	Gammaproteobacteria	2	1	2.9	14	17	1	3	3	4	5	3	3	4	0	1
205	Gammaproteobacteria	3	1	4.3	1	4	1	4	0	2	0	0	3	2	0	0
206	Gammaproteobacteria	2	1	2.9	8	3	3	3	1	3	0	0	7	4	0	0
207	Beta+Gammaproteobacteria	42	2	NA	1469	1311	482	631	327	627	375	680	774	707	202	186
208	Gammaproteobacteria	10	1	14.5	165	150	16	19	9	14	3	15	17	18	3	7
209	Gammaproteobacteria	8	1	11.6	71	89	17	28	15	33	13	25	44	41	11	5
210	Gammaproteobacteria	5	1	7.2	137	99	22	41	10	15	5	16	33	16	2	4
211	Gammaproteobacteria	4	1	5.8	152	119	20	27	8	15	6	13	27	20	1	5
212	Gammaproteobacteria	3	1	4.3	71	82	7	15	8	17	1	10	11	9	1	2
213	Gammaproteobacteria	2	1	2.9	30	30	9	9	5	12	2	7	16	7	1	1
214	Gammaproteobacteria	3	1	4.3	160	154	82	101	38	82	33	81	107	94	19	28
215	Gammaproteobacteria	2	1	2.9	221	206	162	155	106	172	74	133	189	163	26	35
216	Gammaproteobacteria	2	1	2.9	0	2	0	0	1	1	0	1	1	1	0	0
217	Beta+Gammaproteobacteria	32	2	NA	69	54	33	46	19	39	29	45	49	52	17	15
218	Beta+Gammaproteobacteria	31	2	NA	111	146	69	72	44	72	46	88	118	115	16	26
219	Gammaproteobacteria	2	1	2.9	16	13	5	4	4	5	4	5	6	5	0	2
220	Betaproteobacteria	29	1	100	1869	1671	740	857	436	851	429	787	1266	1326	187	255
221	Betaproteobacteria	9	1	31	463	371	104	132	44	109	42	58	233	255	12	24
222	Betaproteobacteria	5	1	17.2	179	186	30	34	17	34	13	26	56	62	2	10
223	Betaproteobacteria	4	1	13.8	55	47	18	21	9	20	2	9	47	50	2	5
224	Betaproteobacteria	2	1	6.9	30	19	3	10	1	3	4	3	9	23	0	2
225	Betaproteobacteria	2	1	6.9	148	131	44	49	22	36	12	23	74	96	6	6
226	Betaproteobacteria	4	1	13.8	239	192	88	85	24	61	24	61	135	132	9	23
227	Betaproteobacteria	3	1	10.3	463	396	137	143	82	134	81	141	293	268	31	44
228	Betaproteobacteria	2	1	6.9	185	173	77	86	45	87	49	80	99	105	14	18
229	Betaproteobacteria	20	1	69	136	128	65	94	48	92	35	75	118	113	13	16
230	Betaproteobacteria	2	1	6.9	19	10	5	6	1	0	0	4	12	10	0	0
231	Betaproteobacteria	18	1	62.1	348	352	233	258	172	291	117	216	348	366	55	67
232	Betaproteobacteria	2	1	6.9	322	270	174	211	140	299	154	285	275	240	43	68
233	Betaproteobacteria	16	1	55.2	733	702	705	843	429	852	419	787	1108	1063	179	269
234	Betaproteobacteria	6	1	20.7	58	40	27	25	22	26	16	30	45	46	3	8
235	Betaproteobacteria	5	1	17.2	80	76	102	127	57	127	34	89	143	117	24	28
236	Betaproteobacteria	4	1	13.8	134	128	201	214	63	125	61	123	212	173	30	32
237	Betaproteobacteria	3	1	10.3	23	21	8	14	1	7	5	3	27	25	3	6
238	Betaproteobacteria	2	1	6.9	145	125	106	133	64	114	59	99	149	142	23	24
239	Betaproteobacteria	10	1	34.5	531	519	321	359	249	449	232	413	588	607	99	137
240	Betaproteobacteria	2	1	6.9	94	162	51	95	67	89	36	72	120	144	14	31
241	Betaproteobacteria	8	1	27.6	555	576	529	658	433	831	396	651	929	846	157	226
242	Betaproteobacteria	5	1	17.2	214	237	239	322	211	420	199	363	405	368	76	127
243	Betaproteobacteria	2	1	6.9	158	140	138	186	108	211	119	178	207	201	42	49
244	Betaproteobacteria	3	1	10.3	62	59	56	51	61	79	64	90	80	71	20	24
245	Betaproteobacteria	2	1	6.9	74	63	49	49	69	81	50	78	103	71	24	34
246	Betaproteobacteria	3	1	10.3	148	166	113	126	115	206	65	138	212	202	38	42
247	Betaproteobacteria	2	1	6.9	59	56	27	38	54	92	38	56	86	59	13	17
248	Multi-Phyla (12)	155	12	NA	6666	6195	4149	4735	2415	4810	2796	5449	5891	5041	1346	1621
249	Multi-Phyla (7)	102	7	NA	3303	2913	2513	2847	1677	3019	1868	3320	3231	2707	860	986
250	Multi-Phyla (6)	42	6	NA	1216	993	989	1069	314	663	336	683	1311	1105	163	216
251	Multi-Phyla (3)	11	3	NA	64	47	45	55	11	12	10	16	86	60	5	4
252	Acidobacteria+Other	5	2	NA	11	10	9	6	2	3	3	7	23	17	3	1
253	Other	2	1	33.3	3	5	1	0	1	0	1	1	1	2	0	0
254	Acidobacteria	3	1	100	563	463	1447	1652	133	367	134	341	1968	1587	63	127
255	Acidobacteria	2	1	66.7	232	173	984	1242	56	143	64	148	1218	769	17	52
256	Aquificae+Other	6	2	NA	14	14	5	6	2	6	5	9	10	11	3	3
257	Aquificae	5	1	100	97	74	34	37	14	52	23	59	56	53	13	12
258	Aquificae	3	1	60	69	68	25	34	14	20	11	33	38	46	5	11
259	Aquificae	2	1	40	8	13	2	8	3	4	0	5	5	6	1	3
260	Aquificae	2	1	40	27	31	21	19	7	19	13	19	22	13	5	4
261	Multi-Phyla (3)	31	3	NA	219	215	49	47	31	74	33	67	81	54	11	18
262	Epsilonproteobacteria+Nontaxonomic	11	2	NA	77	51	17	21	15	11	4	15	14	19	2	7
263	Epsilonproteobacteria+Nontaxonomic	10	2	NA	90	111	17	17	7	15	16	29	24	18	4	13
264	Epsilonproteobacteria+Nontaxonomic	9	2	NA	55	75	9	14	16	27	15	19	39	18	6	8
265	Epsilonproteobacteria	2	1	22.2	6	2	2	1	0	0	1	4	0	1	0	0
266	Epsilonproteobacteria+Nontaxonomic	7	2	NA	53	89	12	12	7	11	8	18	19	10	2	1
267	Epsilonproteobacteria	2	1	22.2	8	10	0	2	2	1	4	1	5	0	1	1
268	Epsilonproteobacteria+Nontaxonomic	5	2	NA	74	82	12	11	4	13	6	16	18	11	3	5
269	Epsilonproteobacteria+Nontaxonomic	2	2	NA	54	45	14	13	7	16	6	14	14	18	8	5
270	Epsilonproteobacteria+Nontaxonomic	3	2	NA	82	74	4	8	0	4	3	3	6	17	2	6
271	Epsilonproteobacteria+Nontaxonomic	2	2	NA	79	103	12	10	5	15	7	19	19	10	5	3
272	Deltaproteobacteria	20	1	100	1141	1010	275	330	173	334	170	367	477	407	72	117
273	Deltaproteobacteria	8	1	40	484	492	330	346	251	476	309	592	525	480	123	178
274	Deltaproteobacteria	6	1	30	76	62	27	46	8	42	21	44	49	48	12	15
275	Deltaproteobacteria	3	1	15	372	372	193	246	126	247	135	266	298	283	61	69
276	Deltaproteobacteria	2	1	10	131	127	50	84	30	67	42	84	120	92	17	29
277	Deltaproteobacteria	3	1	15	110	102	25	36	18	27	11	26	48	47	9	8
278	Deltaproteobacteria	2	1	10	211	217	72	65	22	57	31	54	118	136	9	15
279	Deltaproteobacteria	2	1	10	656	561	447	427	762	1371	1166	1903	754	662	458	395
280	Deltaproteobacteria	12	1	60	33	24	11	8	6	13	4	15	16	9	6	5
281	Deltaproteobacteria	11	1	55	768	567	71	115	51	77	52	103	114	113	18	34
282	Deltaproteobacteria	7	1	35	332	261	58	42	18	20	17	28	77	50	3	14
283	Deltaproteobacteria	6	1	30	574	473	45	65	21	47	18	46	67	62	14	13
284	Deltaproteobacteria	3	1	15	400	310	21	15	8	16	6	29	18	21	6	9
285	Deltaproteobacteria	2	1	10	686	549	15	10	5	17	7	15	40	23	2	7
286	Deltaproteobacteria	3	1	15	157	156	15	17	6	19	4	16	19	15	4	7
287	Deltaproteobacteria	2	1	10	126	145	11	13	2	9	4	13	22	8	3	8
288	Deltaproteobacteria	4	1	20	177	143	25	35	13	28	14	30	44	33	7	10
289	Deltaproteobacteria	2	1	10	37	27	7	8	1	7	4	6	9	6	0	1
290	Deltaproteobacteria	2	1	10	86	47	9	10	5	13	7	14	13	13	3	5
291	Alphaproteobacteria+Other	60	2	NA	235	218	95	147	107	166	112	217	147	130	53	63
292	Alphaproteobacteria	59	1	100	420	340	185	227	183	393	198	377	210	225	120	109
293	Alphaproteobacteria	7	1	11.9	1	1	5	4	3	1	2	6	3	1	0	0
294	Alphaproteobacteria	6	1	10.2	7	5	2	4	1	2	2	1	1	4	1	1
295	Alphaproteobacteria	4	1	6.8	5	3	1	3	1	5	4	6	1	1	0	1
296	Alphaproteobacteria	3	1	5.1	12	7	4	2	0	1	1	5	5	4	4	2
297	Alphaproteobacteria	2	1	3.4	12	10	2	3	2	5	2	2	4	3	0	1
298	Alphaproteobacteria	2	1	3.4	5	1	3	2	1	4	1	1	0	1	3	0
299	Alphaproteobacteria	52	1	88.1	1511	1400	1109	1321	1098	1868	1258	2156	1360	1097	601	676
300	Alphaproteobacteria	5	1	8.5	230	202	122	138	579	974	645	1061	222	157	326	338
301	Alphaproteobacteria	3	1	5.1	146	133	52	55	367	635	386	744	131	96	175	212
302	Alphaproteobacteria	2	1	3.4	155	147	29	31	337	590	232	429	100	59	90	165
303	Alphaproteobacteria	2	1	3.4	27	27	22	31	137	214	178	275	40	29	86	88
304	Alphaproteobacteria	47	1	79.7	3035	2511	2096	2595	1484	2799	1759	3101	2544	2106	788	950
305	Alphaproteobacteria	6	1	10.2	174	162	143	176	92	172	133	212	164	120	47	69
306	Alphaproteobacteria	3	1	5.1	87	72	102	126	134	208	148	315	94	108	66	67
307	Alphaproteobacteria	2	1	3.4	91	97	95	159	109	175	139	260	127	109	56	60
308	Alphaproteobacteria	3	1	5.1	178	142	103	129	71	126	68	115	128	94	42	37
309	Alphaproteobacteria	2	1	3.4	104	95	72	88	30	68	38	66	93	48	10	18
310	Alphaproteobacteria	41	1	69.5	1670	1603	976	1203	993	1805	971	1743	1286	1065	484	523
311	Alphaproteobacteria	7	1	11.9	130	157	58	79	89	149	82	138	89	71	33	46
312	Alphaproteobacteria	6	1	10.2	51	51	27	26	24	42	34	44	29	33	11	11
313	Alphaproteobacteria	5	1	8.5	91	78	47	64	78	146	95	150	61	57	35	40
314	Alphaproteobacteria	2	1	3.4	83	78	30	30	24	64	32	73	55	35	16	19
315	Alphaproteobacteria	3	1	5.1	153	141	92	137	268	392	234	343	126	109	98	105
316	Alphaproteobacteria	2	1	3.4	174	128	195	226	324	537	323	434	221	151	144	133
317	Alphaproteobacteria	34	1	57.6	2533	2252	1409	1773	1197	2303	1275	2314	1787	1520	598	658
318	Alphaproteobacteria	14	1	23.7	641	575	225	300	361	614	411	674	341	322	199	177
319	Alphaproteobacteria	2	1	3.4	46	70	23	22	38	63	40	67	26	36	12	15
320	Alphaproteobacteria	12	1	20.3	515	509	184	251	343	599	355	687	293	229	188	168
321	Alphaproteobacteria	2	1	3.4	37	38	7	11	39	55	39	64	17	10	17	15
322	Alphaproteobacteria	10	1	16.9	575	523	200	257	258	442	250	533	293	228	115	135
323	Alphaproteobacteria	7	1	11.9	444	379	129	133	167	299	197	360	178	160	101	98
324	Alphaproteobacteria	3	1	5.1	157	116	44	64	45	114	78	136	63	69	39	30
325	Alphaproteobacteria	2	1	3.4	84	92	36	32	50	93	56	101	44	43	32	28
326	Alphaproteobacteria	4	1	6.8	98	97	33	31	48	67	31	86	43	49	13	21
327	Alphaproteobacteria	3	1	5.1	45	55	16	18	28	39	30	61	24	15	7	8
328	Alphaproteobacteria	2	1	3.4	123	112	48	57	84	113	64	125	69	62	36	42
329	Alphaproteobacteria	3	1	5.1	73	76	13	30	35	59	30	67	21	20	8	8
330	Alphaproteobacteria	2	1	3.4	15	18	9	10	6	16	9	25	8	7	5	8
331	Alphaproteobacteria	20	1	33.9	611	578	353	497	218	393	176	332	396	349	110	117
332	Alphaproteobacteria	19	1	32.2	2835	2524	2153	2731	1415	2625	1446	2596	2570	2197	653	795
333	Alphaproteobacteria	8	1	13.6	526	399	296	400	208	395	207	387	370	340	101	101
334	Alphaproteobacteria	7	1	11.9	1228	987	1186	1517	649	1221	726	1208	1415	1223	282	330
335	Alphaproteobacteria	4	1	6.8	626	504	617	832	173	379	159	307	733	628	79	104
336	Alphaproteobacteria	3	1	5.1	1751	1370	1868	2544	355	777	299	544	2231	1868	138	179
337	Alphaproteobacteria	2	1	3.4	1637	1109	3984	5103	297	724	306	444	4064	3293	142	155
338	Alphaproteobacteria	3	1	5.1	195	147	128	190	235	517	248	485	171	124	111	149
339	Alphaproteobacteria	2	1	3.4	289	239	205	287	179	356	217	378	249	224	93	108
340	Alphaproteobacteria	11	1	18.6	1504	1425	738	912	758	1504	721	1236	941	795	323	371
341	Alphaproteobacteria	5	1	8.5	260	259	88	120	123	197	77	167	114	98	34	51
342	Alphaproteobacteria	4	1	6.8	7	10	1	3	6	4	2	6	2	4	2	0
343	Alphaproteobacteria	3	1	5.1	472	438	276	330	336	600	290	515	309	282	134	146
344	Alphaproteobacteria	2	1	3.4	194	181	106	103	133	244	85	198	153	126	41	60
345	Alphaproteobacteria	6	1	10.2	205	209	67	83	112	206	87	155	90	84	42	41
346	Alphaproteobacteria	2	1	3.4	257	247	98	139	147	296	139	212	130	96	51	74
347	Alphaproteobacteria	4	1	6.8	43	51	10	11	22	44	11	28	19	18	7	4
348	Alphaproteobacteria	3	1	5.1	176	170	89	90	77	154	55	121	82	85	20	29
349	Alphaproteobacteria	2	1	3.4	548	490	227	292	249	469	211	402	274	243	106	128
350	Multi-Phyla (6)	53	6	NA	256	233	86	96	46	131	62	130	114	90	43	27
351	Spirochaetes	5	1	100	15	13	4	3	0	5	1	9	4	3	1	0
352	Spirochaetes	2	1	40	1	2	0	0	0	3	1	1	1	1	0	0
353	Spirochaetes	3	1	60	23	18	1	1	1	2	2	3	0	0	0	0
354	Spirochaetes	2	1	40	59	41	5	2	1	1	2	4	7	3	0	1
355	Multi-Phyla (5)	48	5	NA	977	916	478	529	300	637	378	751	631	594	174	235
356	Multi-Phyla (3)	13	3	NA	284	293	191	226	67	163	83	196	273	257	48	53
357	Planctomycetes	5	1	100	546	433	516	525	184	362	187	421	680	548	110	109
358	Planctomycetes	4	1	80	324	273	206	230	129	280	152	289	275	239	66	97
359	Planctomycetes	3	1	60	593	534	295	336	139	297	122	263	373	364	68	91
360	Planctomycetes	2	1	40	846	801	277	317	128	333	100	171	340	313	47	74
361	Chlamydiae+Verrucomicrobia	8	2	NA	28	17	13	7	5	10	6	11	14	13	1	5
362	Chlamydiae	3	1	75	16	23	8	7	5	4	3	3	8	5	1	1
363	Chlamydiae	2	1	50	26	36	15	14	7	10	5	13	20	18	2	2
364	Chlamydiae+Verrucomicrobia	5	2	NA	45	37	26	20	9	12	9	16	27	20	7	4
365	Verrucomicrobia	4	1	100	46	54	84	95	7	20	7	18	72	61	9	6
366	Verrucomicrobia	3	1	75	33	48	39	52	3	11	6	12	29	27	1	4
367	Verrucomicrobia	2	1	50	123	138	87	86	20	49	31	40	100	82	4	7
368	Bacteroidetes+Other	35	2	NA	125	120	82	63	68	188	162	226	123	115	64	65
369	Bacteroidetes	34	1	100	260	252	65	64	61	107	79	151	94	74	30	30
370	Bacteroidetes	5	1	14.7	100	105	30	36	21	38	28	48	45	33	4	10
371	Bacteroidetes	4	1	11.8	170	178	30	43	21	51	33	50	67	49	13	24
372	Bacteroidetes	3	1	8.8	74	83	19	27	10	28	14	25	41	20	6	11
373	Bacteroidetes	2	1	5.9	183	154	36	68	30	81	46	80	83	74	21	27
374	Bacteroidetes	29	1	85.3	230	225	83	100	74	154	108	250	103	82	46	44
375	Bacteroidetes	2	1	5.9	103	96	27	42	24	70	35	54	50	43	27	14
376	Bacteroidetes	27	1	79.4	1319	1566	621	724	654	1261	639	1764	736	643	355	283
377	Bacteroidetes	6	1	17.6	22	36	14	7	8	19	17	39	10	8	9	4
378	Bacteroidetes	5	1	14.7	299	342	117	145	165	319	202	574	143	111	110	72
379	Bacteroidetes	2	1	5.9	193	226	108	130	198	403	217	647	160	108	142	96
380	Bacteroidetes	3	1	8.8	72	84	21	25	43	64	51	134	16	22	18	15
381	Bacteroidetes	2	1	5.9	32	32	15	11	20	33	26	56	15	9	12	11
382	Bacteroidetes	21	1	61.8	369	471	207	243	223	431	215	556	227	198	129	99
383	Bacteroidetes	2	1	5.9	90	131	76	115	89	176	77	231	111	69	43	43
384	Bacteroidetes	19	1	55.9	223	233	48	66	48	97	31	112	51	48	28	23
385	Bacteroidetes	4	1	11.8	90	94	18	17	10	18	9	21	32	22	5	4
386	Bacteroidetes	3	1	8.8	246	292	27	49	21	54	42	75	56	39	11	20
387	Bacteroidetes	2	1	5.9	67	64	3	7	8	11	7	14	8	10	2	4
388	Bacteroidetes	15	1	44.1	108	142	45	39	38	64	26	85	37	42	17	12
389	Bacteroidetes	2	1	5.9	0	0	0	0	0	0	0	0	1	0	0	0
390	Bacteroidetes	13	1	38.2	299	365	66	85	103	163	79	247	83	95	44	30
391	Bacteroidetes	2	1	5.9	69	68	12	16	6	37	16	44	19	17	9	3
392	Bacteroidetes	11	1	32.4	528	625	147	163	146	262	144	414	179	140	83	85
393	Bacteroidetes	4	1	11.8	54	62	14	17	19	31	12	29	19	14	7	7
394	Bacteroidetes	2	1	5.9	49	80	22	28	28	33	8	40	31	28	9	12
395	Bacteroidetes	2	1	5.9	27	20	4	7	1	8	3	7	3	4	1	2
396	Bacteroidetes	7	1	20.6	109	163	24	24	30	65	31	91	39	30	19	16
397	Bacteroidetes	6	1	17.6	94	115	24	23	25	45	13	78	25	32	16	11
398	Bacteroidetes	5	1	14.7	68	81	15	22	12	38	17	55	23	17	5	6
399	Bacteroidetes	4	1	11.8	96	101	12	20	18	43	20	87	25	20	9	10
400	Bacteroidetes	3	1	8.8	35	37	8	6	9	12	10	34	11	8	4	4
401	Bacteroidetes	2	1	5.9	40	40	4	3	6	12	11	20	4	6	4	4
